ZADATAK A:

Resenja:
0.80 1.25 2.22 3.50
0.80 1.25 3.50 2.22
0.80 2.22 1.25 3.50
0.80 2.22 3.50 1.25
0.80 3.50 1.25 2.22
0.80 3.50 2.22 1.25
1.25 0.80 2.22 3.50
1.25 0.80 3.50 2.22
1.25 2.22 0.80 3.50
1.25 2.22 3.50 0.80
1.25 3.50 0.80 2.22
1.25 3.50 2.22 0.80
2.22 0.80 1.25 3.50
2.22 0.80 3.50 1.25
2.22 1.25 0.80 3.50
2.22 1.25 3.50 0.80
2.22 3.50 0.80 1.25
2.22 3.50 1.25 0.80
3.50 0.80 1.25 2.22
3.50 0.80 2.22 1.25
3.50 1.25 0.80 2.22
3.50 1.25 2.22 0.80
3.50 2.22 0.80 1.25
3.50 2.22 1.25 0.80
Vreme: 19.00000
Broj poziva optimizacione funkcije: 15070031550 
ZADATAK B:

Resenja:
0.80 1.25 2.22 3.50
0.80 1.25 3.50 2.22
0.80 2.22 1.25 3.50
0.80 2.22 3.50 1.25
0.80 3.50 1.25 2.22
0.80 3.50 2.22 1.25
1.25 0.80 2.22 3.50
1.25 0.80 3.50 2.22
1.25 2.22 0.80 3.50
1.25 2.22 3.50 0.80
1.25 3.50 0.80 2.22
1.25 3.50 2.22 0.80
2.22 0.80 1.25 3.50
2.22 0.80 3.50 1.25
2.22 1.25 0.80 3.50
2.22 1.25 3.50 0.80
2.22 3.50 0.80 1.25
2.22 3.50 1.25 0.80
3.50 0.80 1.25 2.22
3.50 0.80 2.22 1.25
3.50 1.25 0.80 2.22
3.50 1.25 2.22 0.80
3.50 2.22 0.80 1.25
3.50 2.22 1.25 0.80
Vreme: 1.00000
Broj poziva optimizacione funkcije: 77881300 
